mat1.data <- c(1,2,3,4,5,6,7,8,9)
mat1 <- matrix(mat1.data,nrow=3,ncol=3,byrow=TRUE)
mat1
mat2.data <- c(10,11,12,13,14,15,16,17,18)
mat2 <- matrix(mat2.data,nrow=3)
mat2
